-4.206747538195741987e-01
3.936140764356353960e-01
7.641943498854224526e-01
-1.478085871645054894e+00
-4.434868589342028100e-01
-4.052751516311060564e-01
1.069216866370343633e+00
-2.776309942751414156e-02
8.352283966753289990e-01
-8.392722562997956270e-01
1.230972622459076404e-01
6.221127216238117041e-01
-9.943488260042971927e-01
-2.919945702683151012e-01
-1.510843997657049520e-01
-7.300886137564394085e-01
-9.245801391153492949e-03
-3.802879082316193426e-02
9.440581443992176469e-01
3.224062028412440495e-01
-1.164873723503795228e-01
-9.370788202446264092e-01
5.543872357992352118e-01
3.724118426188986475e-01
-1.366189783257272916e+00
-4.388896364745076967e-02
-2.154377454130220471e-01
-6.437852733537916539e-01
-1.231024204438493141e+00
-6.435894634592838059e-01
8.664007747669488779e-01
-2.380741844206672453e-01
-4.663565458768057642e-02
-9.507561246098270580e-01
2.150667743464690362e-02
4.631489528085482865e-01
