9.103017954194657646e-01
-6.756156035542758287e-02
-8.693044625669733572e-01
-9.335952945890728660e-01
1.160486203914938619e+00
-5.587726889079239756e-01
1.103164623320701532e+00
-8.524407694869968743e-01
-1.163999324538254942e+00
-1.327356817776785602e+00
1.033580569130443605e+00
1.064011857448839082e+00
1.075661989604191016e+00
3.064182991197073741e-02
3.147915697605599417e-01
-8.422134831325703841e-01
3.088562434439700577e-01
9.032381352157403676e-01
-9.409474354709435051e-01
3.522317086619242699e-01
-5.796696444770313983e-01
-1.035117510450620060e+00
2.997447314090827611e-02
7.365710066919103349e-01
