-7.106023099787598385e-01
8.446591838978072531e-01
6.316074378916706200e-01
-7.299104043382828033e-01
7.539258270246654847e-01
5.216648570598151347e-01
-5.826967749371109173e-01
-8.831273322729084052e-01
-9.826801626471218798e-01
5.093185898165082381e-01
-8.452033923415576133e-01
-3.769886340406611858e-01
-5.802641644037821456e-01
3.723079361687162830e-02
9.921088822960670850e-01
-6.519479218384510721e-01
-3.004798991502957151e-01
8.621530860314787770e-01
5.997139413658091334e-01
4.664152115762335016e-01
-6.558856024440622434e-01
4.483878633105387590e-01
1.727878264404389755e-02
-6.379899780170991130e-01
