-1.652609567130018109e-01
4.150203649302649511e-01
5.329578110945487612e-01
-4.708506128872681495e-01
3.835065736948297666e-01
3.326258515662582071e-02
5.760605120580890581e-01
-4.916165252164915456e-02
-4.186003451051781288e-02
6.833421276605028405e-01
-1.254226459871589650e-01
-4.389138249409957893e-01
-4.237360830890798957e-02
3.876762424773651933e-02
2.105869739775571015e-01
-8.327436013842957063e-01
-4.841133242697238659e-01
-6.320396699351995551e-01
-5.798022165036437192e-01
-2.606233945579293776e-01
-3.353953626653248810e-01
7.675464202119361978e-01
-2.762673299550642003e-01
-1.605164475640047383e-01
3.155973925100327149e-01
-1.645760442730967790e-02
-1.943950969196671930e-01
-4.356303041329924741e-01
7.333885847547031434e-01
5.049552948335733760e-02
7.483091595477235902e-01
8.851532899144162747e-02
1.216098584116535597e-01
8.472665042864275797e-01
-3.257717980734311375e-02
-1.981292653518402502e-01
