8.692214053263257467e-01
-8.390679334104912679e-02
-1.410586277074304395e-01
2.572002449179732614e-02
-3.812227829130916679e-02
-5.236307204503951596e-01
2.382459772848994350e-01
4.488771061603872292e-01
2.975563882636296786e-01
6.817771432160725231e-01
-3.511308673594881746e-01
-2.702248971753974938e-01
2.663512387276263937e-01
5.226472396865211589e-01
3.847009965962698841e-01
-7.281120676594430297e-01
-2.123976796466353067e-01
2.198310831959223721e-01
7.871725950213130929e-01
3.448786899246825827e-02
-4.886493658816672969e-01
2.242405840227588154e-01
6.689610996902942697e-01
4.463926462958009989e-01
1.064744430842568867e+00
-5.830351707173381248e-01
-5.734461077593389078e-01
