8.720459101401348834e-01
-9.787927812292618324e-02
-2.421042949619340023e-01
2.756843574747701586e-01
-1.368961985293749850e-01
3.334821454020927001e-01
-7.501578078724102649e-01
1.025152695215697296e+00
9.574584536200856366e-01
9.131302850499051216e-01
1.669533292197227792e-01
-1.157140682519999450e-02
9.833730252409611516e-01
4.064536334057207156e-01
3.762549589438993897e-02
7.437894162439740997e-01
-4.397823353185520978e-01
9.390158422779195657e-01
8.850469777279351691e-01
-3.647757385279264825e-02
8.334419366493407699e-02
8.977579018517108933e-01
-8.899556934471298808e-01
-3.348877052909228491e-02
-7.053180140732604464e-01
-9.017527778683429029e-02
-5.368844363001958886e-01
8.952581226146844040e-01
-4.367303915770272271e-02
-7.781454654658728765e-02
7.531246424282638241e-01
1.368574158494852144e-01
-4.879734505045951187e-01
8.819580678722440670e-01
-3.257316807697806238e-02
5.607371836247630748e-02
