-1.204154978996834213e+00
-4.242693825931933560e-01
-1.158321805294978829e-01
1.544682682664726692e-01
-6.148021357219124461e-01
-7.224562959182458943e-01
-7.149629600358781145e-01
4.064883975245675574e-01
3.113687404133590464e-01
-8.336469276161142528e-01
-2.463978310748076231e-02
-2.209530147293775337e-01
4.209831921945356714e-01
9.644680320590810485e-01
7.128850105962590833e-01
5.995947002897394906e-01
2.794825749660405645e-01
3.540677389396180708e-01
-7.420188839063243114e-01
-2.728957410279625115e-02
-1.548377250446917874e-01
2.729849389442101093e-01
-1.310580490351964889e+00
-1.018020123997951165e+00
-4.699302790838290056e-01
1.830729736414626885e-01
1.684068034234761924e-01
