-1.192567194260707453e+00
5.402146023184212220e-01
3.313763733940426337e-01
1.049669725570422596e+00
4.756265973996702812e-01
3.460434668127561064e-01
3.658390129609097041e-01
1.327449025941685179e-01
-5.029174893998961809e-02
-6.497329150915518436e-01
-1.608403920385093056e-01
2.043642517908681594e-02
-1.281359763748083136e+00
5.340362868686823750e-02
-2.589144724249694551e-01
7.490985155628285819e-01
7.904385122648678597e-02
1.452049525985747158e-01
-6.681606572081825179e-01
-4.565501790797425741e-02
-2.083278699905563025e-01
1.104771480385153160e+00
1.423263570030133540e-01
9.498453601531700596e-02
8.557042554696905334e-01
5.809551535636921921e-02
2.654735868280286640e-02
