4.527349431138256719e-01
2.619530672655447923e-01
7.920349135200285273e-01
3.859280834364030577e-01
-7.039022302935740716e-02
1.197724022622272066e+00
-2.470985285697249179e-01
-6.851745319766669451e-02
3.952050467075183399e-02
6.136453600091713589e-01
-2.079533366679468254e-01
-5.178368059023807923e-02
-1.477672329070959023e+00
1.147426294603746538e-01
-9.135863846866014437e-02
-3.872100582391684309e-01
4.667442553402356697e-02
-1.274519112682883371e-01
9.196345339048765943e-01
1.866984744658540737e-02
6.321620167243033328e-02
-1.467837458210129231e+00
-6.084300034122346323e-01
5.013809962907042062e-01
-7.980434361639845431e-01
-7.146071456497499891e-03
9.315354855769931997e-02
