-1.976454391271496580e-01
5.785843615464503209e-01
7.766800932202481134e-01
4.377944762374801346e-01
6.417993806589208372e-01
6.209599476591308731e-01
-3.892074327452098581e-01
1.361403516567721572e-01
2.833790333918550022e-02
-1.160449302271750610e-01
3.697481292888036841e-01
3.598304027723525644e-01
-1.530679011232251030e-01
3.119982347098577691e-01
3.371150403772162907e-01
4.025590194647529763e-02
1.067609551279102009e-01
1.368891516414157128e-01
1.468733524833724380e-01
3.786286870207356547e-01
3.529913913783045976e-01
1.870302458723173133e-01
3.260931612814030878e-01
2.330597000470617519e-01
-5.426989126963670945e-02
-1.867172375361681597e-02
-8.099599270507894244e-02
1.292307543327695929e-01
-2.395184465896692261e-02
3.664856560840512589e-01
5.595549114662618645e-02
5.435543957145946292e-01
5.772203414959548029e-01
6.184639056109790534e-02
-3.395340682328306103e-01
-1.429942433143069624e-01
