3.808258105462707932e-01
4.793304982479767995e-02
5.451068632119383806e-02
-1.274758843340175474e-01
5.970719028202522427e-01
2.901737512933717511e-01
-7.280673401507229414e-01
3.825577776824726217e-01
-2.711607025464823351e-01
2.439419859345874075e-01
-1.002052304684618145e+00
-8.103023064240981732e-01
-3.539472623142173036e-01
-8.550621601915860126e-02
-1.710814523576265622e-01
-3.875034256174592628e-01
1.872889153750158242e-01
5.323621420840476404e-01
-9.502872385291838420e-02
6.084597599952497049e-01
4.385829257718318330e-01
6.939324124329271024e-03
9.181070432211944563e-03
9.560668641048271355e-02
-7.975018942973469138e-02
8.850495856231901937e-02
1.344653908368696194e-01
4.320712799565716578e-03
-3.580917209592186096e-02
3.329007251496267639e-01
-4.180552494998481250e-01
-1.211557065280015166e+00
-7.600268801614160630e-01
-7.756532167765141372e-02
2.077225107779214763e-01
1.728304915654136076e-01
