9.207214559788675645e-01
-9.817669840994648345e-01
-3.683951620724493781e-01
1.388905085308742848e-01
1.986114797738659232e-01
2.813578099672183613e-02
5.850822435760263396e-01
-7.337271076795758365e-03
3.279539235799664443e-01
7.418863370615814690e-01
7.766278710067893165e-01
6.574732571131536307e-01
-1.444889543451271186e+00
9.884366590059849578e-02
-5.197816613911152017e-03
-8.090777365719106218e-01
-7.637400942027770812e-02
-1.392180591431652625e-01
6.204386738378926403e-01
3.352237688615137823e-01
1.871710869776339325e-01
-6.882527011888395219e-02
1.058574555413079321e-01
2.510093360344776703e-01
7.649604542434061960e-01
9.663560313048276396e-02
3.962109312238252384e-02
3.923102244262993699e-01
-2.784909441611031766e-02
5.119962701062087396e-01
-1.365546913508701499e+00
-1.292465859634761793e+00
-6.077732932361317175e-01
-7.036114460257455461e-01
1.948558898088412483e-01
1.148477174431480202e-01
